.Random.seed <-
c(403L, 620L, 1965412132L, 1207391656L, -54479240L, -849577677L, 
413614909L, 1362933541L, -1358819320L, 1686276372L, -190309762L, 
-38941157L, 542164564L, 1613744226L, 749631895L, -1849703593L, 
1104483562L, 1797806692L, -1974330691L, -885935733L, 767774753L, 
707833938L, 64371138L, -893225722L, -1720815890L, -472620790L, 
-2068233507L, -1484005765L, 366550590L, -261579606L, -1323434411L, 
588148344L, -1721482844L, -209052897L, 1872415755L, 302762245L, 
1594932450L, 898114710L, 365436213L, -1698341494L, 1146526822L, 
-1912248222L, 1441510820L, -1688572384L, 1127941475L, 1936928417L, 
-1671246282L, 2091460522L, -1442913431L, 1111328840L, -1951045318L, 
52687041L, 1555788875L, -1633605277L, -142826022L, -1093727744L, 
-1216322976L, 1937526831L, 1869497608L, 1243928090L, -202228701L, 
2132387411L, -836441668L, 964777569L, -2040573898L, -272427983L, 
-764526735L, -401612021L, -1785100241L, 287935695L, -385978012L, 
304343670L, 2114004202L, 739008704L, -1672436961L, -1443838354L, 
-1299749265L, 1649907370L, 542226783L, -267995807L, 327987617L, 
-1814086891L, -328948590L, 646583681L, 1763121475L, -1836821395L, 
1293155160L, -1424419870L, 594631118L, 1200579428L, 1337194059L, 
337264842L, -595808881L, 486890507L, -1061214083L, -283197582L, 
-1283657602L, -484079557L, 585567537L, -2055648206L, -268251642L, 
966855037L, 525769963L, 1497202754L, 1889072790L, -1331154134L, 
1814772411L, -111671914L, -460767996L, 1509126371L, -1503764186L, 
-997260339L, 1142501292L, -971761470L, 1763896522L, 1044424690L, 
1852228959L, 1660454390L, 70499766L, -1946417608L, -2097386044L, 
661992982L, -1906725661L, -1230090957L, 115631413L, 1727612512L, 
-1907303837L, 689265257L, -1290048965L, -358750199L, 82857123L, 
536865110L, -943257398L, 553325984L, -1764075580L, -1476764808L, 
874475661L, 1240465694L, 796548050L, -405550473L, -1258736042L, 
-647049647L, -1161007897L, 210465366L, 708143235L, 959504506L, 
226679694L, 861539835L, 1002348425L, -1730108734L, -2103020476L, 
-743470816L, 2090682306L, 623649316L, -1194987482L, 47133037L, 
1264255514L, -1656053303L, -120469242L, -1483119769L, -2008367534L, 
-1020575137L, 198540885L, 1790681173L, 640278454L, 1132127616L, 
-1983601493L, 1764724296L, -196198030L, 1595003973L, -1590444718L, 
1130911154L, 462979373L, 2093001720L, 203464218L, 1514411259L, 
2071111976L, -608146415L, 964837319L, -1122230059L, -2084601767L, 
671617671L, -144290569L, 1409867150L, 1849652879L, -1043103732L, 
774079867L, -814572418L, -918775725L, -77618085L, 701288339L, 
-2028762265L, -1299105620L, 1010729907L, 168683137L, -440185003L, 
1142410352L, -1841998524L, 49608612L, 524549454L, -1635085938L, 
402537727L, 82198997L, -1101554916L, 1451751464L, -539043501L, 
1897005518L, -329446457L, 857071173L, 2051949173L, -37685938L, 
966154006L, -1753728316L, 2090735722L, -1269170441L, -128247046L, 
-1882725905L, 1789293758L, -1884135589L, 364528709L, -1992829266L, 
-337727560L, 1333717899L, -1876580363L, -55847748L, 1653172143L, 
538663136L, 1751236620L, 522078201L, -823489851L, 1078685422L, 
1895520125L, -2132881803L, -278983033L, 1223555211L, 1837775702L, 
1915986938L, -2040823008L, -1747992823L, -1668259119L, -2137795455L, 
1184185331L, 1719884782L, -1508572661L, -640532214L, 1560940691L, 
-1950614359L, -1949644590L, -791410533L, 975525681L, 222006452L, 
-612921206L, -4458608L, -115098061L, 1390831580L, 1336963887L, 
-1977613552L, -950905601L, 1235345677L, -177321694L, -865979638L, 
-1560080188L, -1627374461L, 282100869L, 832618329L, -139254995L, 
-1762471967L, -1334415800L, 588340191L, -989176282L, 2119867933L, 
1198366673L, -494154878L, -1708521644L, -1484498162L, 1192210905L, 
1849663771L, 1480675227L, -1844492931L, -2036747470L, 1818770473L, 
-2090051364L, -1334618026L, -1017819508L, 590494572L, 1388321753L, 
-860096828L, 1180122203L, 1119172836L, -2061150777L, -1614336094L, 
-2080227037L, 1070945079L, -437955608L, -313383L, 3917676L, 742947758L, 
890475820L, -2036661504L, -867983407L, 1449140422L, 2022581892L, 
-1913811665L, -754305855L, 666898456L, -2134234621L, 1675775609L, 
-2107157347L, -537214590L, -891378302L, 2046535099L, -679953295L, 
-967575912L, -899230826L, 1302279957L, 347199725L, 1739280596L, 
-1877443482L, -447960129L, 435144585L, 109786363L, -1486654018L, 
43271646L, -680627034L, 995824781L, -104025424L, 1453314874L, 
639254532L, -984717377L, 404398255L, 2007060044L, -634426155L, 
-2116341972L, -591380077L, 2081210161L, -1792784184L, -53629321L, 
-1817055861L, -607527120L, -1663281185L, 1348197410L, 434551422L, 
-287999429L, -772799034L, 77824785L, -1734798964L, -1624574782L, 
1609485846L, -1622251152L, 300245416L, -242482203L, 124550841L, 
726172093L, -638506017L, -185459073L, -1844749364L, 1447000659L, 
-854872332L, -1582592304L, 1874605656L, 2094339295L, 1546602340L, 
1507913233L, -2042137063L, 344884843L, 2083530268L, 54725889L, 
1203596272L, -1605306230L, -2130989410L, -1389808511L, 1648374901L, 
-2099214922L, 1042456262L, 674809757L, 1330725472L, 532813005L, 
1003188082L, 969271185L, 108007791L, 1639735213L, -1117166233L, 
1188912272L, -468885424L, -1753967375L, 1421777822L, 1305977631L, 
820726024L, 936301084L, 1288784798L, -1819623041L, -876055087L, 
-661888711L, -1371170140L, -596611136L, 177352797L, 2071509710L, 
-1993881244L, -372233762L, -795622432L, 1406083555L, -242831549L, 
-876521360L, 1518607714L, -385357311L, 2105828064L, 512622143L, 
-1833900344L, 757215729L, -409038047L, -1466256085L, 35031010L, 
-2097796732L, 1234117439L, -156335695L, 1113848307L, 427890051L, 
-2018690658L, -1192056442L, 2101965931L, -2091248104L, 1369505675L, 
-1380914344L, 1463766109L, -1447175298L, 21392483L, 395353365L, 
906806389L, 1905955245L, -83209301L, 47826322L, 1979013379L, 
-526608347L, 1027991054L, -410005717L, 1600190422L, 1795059617L, 
374644773L, -628040964L, 781787536L, -1188452925L, 769466418L, 
-1892343017L, 1483592835L, 100430747L, 1250148961L, -2129128685L, 
1558836628L, 1235404888L, -847218661L, -1878842528L, -583771588L, 
-688854975L, -257290737L, 534724738L, 1412411399L, 434425566L, 
-1536730700L, -199687451L, 2132922629L, 456713105L, -478403675L, 
1916573227L, 1438996882L, -1593500454L, 2031116051L, 1321402944L, 
657864131L, 2115310682L, 1020220062L, 875439936L, -1330966131L, 
-1688753355L, 420118829L, 1582836978L, 1087467918L, 914752613L, 
720885086L, -1460898115L, -1969176836L, 12929176L, 1979363912L, 
-1082930635L, 24776097L, 662492794L, -1482107333L, -1984792868L, 
578518912L, -895830504L, -160531265L, 1392400814L, 2101382889L, 
-1808499354L, 1171194209L, 1347317357L, 950168532L, -748246828L, 
-776292999L, 1289615681L, 1081846871L, -1072234941L, 1902876803L, 
250876343L, 470438004L, 454235497L, 400001685L, -98927488L, 1582517212L, 
912279665L, -1454642109L, 1513169L, 1883666835L, -1006814187L, 
-569710137L, -1021786905L, -192465605L, -1663130951L, -608478696L, 
-1745076476L, 1504906951L, 56761953L, -1067514750L, 268948522L, 
-868962066L, -64944610L, 36775062L, -1247857250L, 286912325L, 
-46152298L, 368737960L, 82487026L, 1303384769L, 1030197533L, 
614412881L, -955332984L, -291308552L, 451062549L, -627097437L, 
645573706L, 753240566L, -1622971567L, -1829698028L, 1739268701L, 
545222997L, 1697462897L, 1246572831L, 586524878L, 574567832L, 
1565189963L, 2035172413L, -1803851967L, -1231410358L, 731995451L, 
-1262445230L, -1664797797L, -166296424L, -1295624438L, -1468007470L, 
295304419L, -1919865109L, -1121510431L, -1423952768L, 489084457L, 
-1551815285L, 662638405L, 1303588680L, -1292153181L, -1595665892L, 
-1368418048L, 1485521951L, -1442636324L, 1900160064L, 407151365L, 
2117698274L, 184386868L, -1688528719L, -1768889459L, -595215454L, 
-1127472910L, -1382847539L, 1273810472L, -806567864L, 2070470586L, 
-1137347507L, 723589175L, 2140453959L, -889255908L, -23967616L, 
-977583661L, 1869115937L, -890784489L, 1510852998L, 657829436L, 
-1508875172L, -1490006152L, -797700807L, 537740959L, 712476302L, 
1841176913L, -981850528L, 19913351L, -1361165608L, -507894777L, 
